354:
    - ID: 77009
      lat: 1.3736741
      lng: 103.9495771
    - ID: 78109
      lat: 1.3753335
      lng: 103.9538813

358:
    - ID: 77009
      lat: 1.3736741
      lng: 103.9495771
    - ID: 77191
      lat: 1.3765482
      lng: 103.9460284
