354:
    &PASIR_RIS_INTERCHANGE
    - ID: 77009
      lat: 1.374354
      lng: 103.949915

    - ID: 78109
      lat: 1.3753335
      lng: 103.9538813

358:
    - <<: *PASIR_RIS_INTERCHANGE
    - ID: 77191
      lat: 1.3765482
      lng: 103.9460284
